’101 hc) Πθῶῖ 1115 'Paul

PATRO OGIAE

f‘* CURSUS COMPLETR

SEU RBROTHECA UNlVRRSALlS, lNTEGRA, UNlFORMlS, COMMODA, OECONOMRA,

1111111111 11111111111111111111111 1111111111111111 1111111111111111111

sm umonuu, 1111611Βο011111,

0111 ΔΒ mo 111111111011 mpolu COR 01111 1111111111 (111110 wtsRno mnus
BT GON 61111 1111111111 (1111111) PRO 11111111111111111 .·

REGUSIO CRRONOLOGICA

ORRUR 011AE RRSTITRRR RONURENTORRR CATROLRCAE TRAmTlole PER 011111οΕ01111111111
Eccfflslffl SAECULR ET 1111111118,

111111111111111111111111111111,1111111111111111111111111111111111111111111111111111,111111111111111-
1111 1111111111, 11111111111111111,1111111111111111111111111111111111111111111111 1111111111111111111
1111111111 1111111111111111 111111111111111111 1111111111 1111111 11111111 1111111111 11111111,
acen: 1111111111 111111111111111 1111111111,111111111111111111. 111111111111 11111111 11111111
11111111111111, 111111; 1111111111111111 111111 1111111 11111111111111, 11111111111111111111-
11111 1111111111 1111111111 111111111111111111111111111111111111 1111111111 1111111111-
11111, 1111111111 11111111 1111 111111. 11111111111111, 111111 11111111111111111
11111111 1111111111 11111111111111 1111111111. mmmmm
1· 111111 11 111111111111111111 1111111111 1111111111 11111 1111111111.111111111111,1111111111111,11111·
111111 1111111111,111111111111111111111,111111111111111111111111111111111111111111111111,1111·-1
11111111111111111. 1111111111,1111111111,111111’111 1111 111111111111111111 1111 1111111111
1111111 1111111111 111111111111111111111.111111111111111111111111, 11111111111, 11111111
111 111111 11111 111111111111,111111111111 11111111111111111,111 1111111111 1111111,

111 1111111111 111111 1111111111, 1111111111111111111111111111111 scalmum
SACRAE‚ 11 111 1111111 1111111111 111 111111 1111111 111111111111111111
111111 1111111 11111 11111111· 1111111111 1111111111 1111111111 1111111, 1
111111 11111111 111111111111111111 1111111111, 11111111111111.
11111111111111111111,111111111111111111 11111111111·1111111.11 111111111111 111111111111 1111111111,
cmm 11111111, 1111111111111111, 111111111111111111111,11111111 1111111111 1111 11111111
11111 11111111. 11111 1111111111 11111111 11111111 11111111 111 11111111111111 11111111 1111111111
11111111. 1111111 1111111111,11111111111111 1111 111111111 111, 1111111111 11111111111111,
111111111111 1111111111111 111111111111111 1111111111 mc 11111 1111111111,

11111111 11111 11 1111111 1111111111, n 1111111111 111. 11 1111111
1111111, 11111, 1111111111 1111111111 1111111111111,111111111111.

SERIRS 1111Τ1Ν1 PRIOR

1110111 1100111111 1111111.1011111111111111111111111111111111111
Δ 1111111111111011111111013111111111 111.

mmmmm-21¹ MlGNR,

111111111111111111 aunem,
1111 1111111111 111111111111 m 1111111111111111111111111111111111111 1111111.

*-

1111111111. 11 111111 111111 11111111. 111 1111111111 1111111111, 1111 111111 111111, 1111 mco-mm.
1111111, 111 11111111 1111111, 111111111111111111111111111-11111111 11111111111111111111111 11111111
1111. 11111111111111111 1111111 111111, 11 11111111-1111111 11111111 1111111 1111111 111111. 11111
1111111 1111111111111 1111111111. 11111 1111111 1111111 1111 1111 11111111111111 1111111111 1111111-
1111111. 1111111111 1111111111 11111111 111111111111 11111 1111111111ς111111111111111111111111111111
τ1111111111111.1111111 1111111 1111111 11 111111111111 111111111111111111.1111111111111111111111
111 111111111181011111111111111111.111111111111 11111111 111111· 11111111 1111. 111111111111 111111
11111111 1111111 11111111111111111 111111111111111111111, 11 111111 11111111111111111 1111111·
1111 11111111111111111111,11111111111111 1111111, 326 1111111111111111111111 11111111 11 212
111 11111111 1111111 1111111111111111111111,1111111111 1111111 mr: 111111111111111111111111111 111111·
11111111 11111111 111111111111111111111 111111 1111111111. 11111111, 11 1111 11111 11111111 1111111111
(1111111111 cneo-mmm, 111 11111111 11 1111111111 1111111. 1111 1111111111111111 111 1111111 111
111 su 11111111 1111111111. 11111111111111111111111 1111111111 11111111 1111111 1111111111.

ιι*-

PATROLOGIAE 11111111 ROMRS RCR :2 .

——722

VENERABIUS RRRR

10111111111111111Ι ι, ¹ „ .

Ι

11111111111 11 111111 111111. 31 R1RR 1111111111
lx 111 mm 1111110181. 01111 111011 10111111 1111171Ιῶ 1111811111 111110 01111811
1111111111 111 1111111111111111111 111111· 11111 111111 111111 1.11111111

11111

 

